L:False
W:15.0
P:21.775106315176423,201.0689374037503
P:342.05231388330026,200.73681372989486
